25 24 25 24 25 24 25 24 25 24 25 24 25 24 25 24 25 24 25 24 25 24 25 24 25 24 25 24 25 24 25 24 25 24 25 24 25 24 25 24 25 24 25 24 25 24 25 24 25 24 
24 25 24 25 24 25 24 25 24 25 24 25 24 25 24 25 24 25 24 25 24 25 24 25 24 25 24 25 24 25 24 25 24 25 24 25 24 25 24 25 24 25 24 25 24 25 24 25 24 25 
25 24 25 24 25 24 25 24 25 24 25 24 25 24 25 24 25 24 25 24 25 24 25 24 25 24 25 24 25 24 25 24 25 24 25 24 25 24 25 24 25 24 25 24 25 24 25 24 25 24 
24 25 24 25 24 25 24 25 24 28 24 28 24 28 24 28 24 28 24 28 24 28 24 28 24 28 24 28 24 28 24 28 24 28 24 28 24 28 24 28 24 25 24 25 24 25 24 25 24 25
25 24 25 24 25 24 25 24 25 27 23 27 23 27 23 27 23 27 23 27 23 27 23 27 23 27 23 27 23 27 23 27 23 27 23 27 23 27 23 27 23 24 25 24 25 24 25 24 25 24
24 25 24 25 24 25 24 25 24 26 22 26 22 26 22 26 22 26 22 26 22 26 22 26 22 26 22 26 22 26 22 26 22 26 22 26 22 26 22 26 22 25 24 25 24 25 24 25 24 25
25 24 25 24 25 24 25 24 25 31 31 31 31 31 31 31 31 31 31 31 31 31 31 31 31 31 31 31 31 31 31 31 31 31 31 31 31 31 31 31 31 24 25 24 25 24 25 24 25 24 
24 25 24 25 24 25 24 25 24 31 31 31 31 31 31 31 31 31 31 31 31 31 31 31 31 31 31 31 31 31 31 31 31 31 31 31 31 31 31 31 31 25 24 25 24 25 24 25 24 25
25 24 25 24 25 24 25 24 25 31 31 31 31 31 31 31 31 31 31 31 31 31 31 31 31 31 31 31 31 31 31 31 31 31 31 31 31 31 31 31 31 24 25 24 25 24 25 24 25 24 
24 25 24 25 24 25 24 25 24 31 31 31 31 31 31 31 31 31 31 31 31 31 31 31 31 31 31 31 31 31 31 31 31 31 31 31 31 31 31 31 31 25 24 25 24 25 24 25 24 25
25 24 25 24 25 24 25 24 25 31 31 31 31 31 31 31 31 31 31 31 31 31 31 31 31 31 31 31 31 31 31 31 31 31 31 31 31 31 31 31 31 24 25 24 25 24 25 24 25 24 
24 25 24 25 24 25 24 25 24 31 31 31 31 31 31 31 31 31 31 31 31 31 31 31 31 31 31 31 31 31 31 31 31 31 31 31 31 31 31 31 31 25 24 25 24 25 24 25 24 25
25 24 25 24 25 24 25 24 25 31 31 31 31 31 31 31 31 31 31 31 31 31 31 31 31 31 31 31 31 31 31 31 31 31 31 31 31 31 31 31 31 24 25 24 25 24 25 24 25 24 
24 25 24 25 24 25 24 25 24 31 31 31 31 31 31 31 31 31 31 31 31 31 31 31 31 31 31 31 31 31 31 31 31 31 31 31 31 31 31 31 31 25 24 25 24 25 24 25 24 25
25 24 25 24 25 24 25 24 25 31 31 31 31 31 31 31 31 31 31 31 31 31 31 31 31 31 31 31 31 31 31 31 31 31 31 31 31 31 31 31 31 24 25 24 25 24 25 24 25 24 
24 25 24 25 24 25 24 25 24 31 31 31 31 31 31 31 31 31 31 31 31 31 31 31 31 31 31 31 31 31 31 31 31 31 31 31 31 31 31 31 31 25 24 25 24 25 24 25 24 25
25 24 25 24 25 24 25 24 25 31 31 31 31 31 31 31 31 31 31 31 31 31 31 31 31 31 31 31 31 31 31 31 31 31 31 31 31 31 31 31 31 24 25 24 25 24 25 24 25 24 
24 25 24 25 24 25 24 25 24 31 31 31 31 31 31 31 31 31 31 31 31 31 31 31 31 31 31 31 31 31 31 31 31 31 31 31 31 31 31 31 31 25 24 25 24 25 24 25 24 25
25 24 25 24 25 24 25 24 25 31 31 31 31 31 31 31 31 31 31 31 31 31 31 31 31 31 31 31 31 31 31 31 31 31 31 31 31 31 31 31 31 24 25 24 25 24 25 24 25 24 
24 25 24 25 24 25 24 25 24 31 31 31 31 31 31 31 31 31 31 31 31 31 31 31 31 31 31 31 31 31 31 31 31 31 31 31 31 31 31 31 31 25 24 25 24 25 24 25 24 25
25 24 25 24 25 24 25 24 25 31 31 31 31 31 31 31 31 31 31 31 31 31 31 31 31 31 31 31 31 31 31 31 31 31 31 31 31 31 31 31 31 24 25 24 25 24 25 24 25 24 
24 25 24 25 24 25 24 25 24 31 31 31 31 31 31 31 31 31 31 31 31 31 31 31 31 31 31 31 31 31 31 31 31 31 31 31 31 31 31 31 31 25 24 25 24 25 24 25 24 25
25 24 25 24 25 24 25 24 25 31 31 31 31 31 31 31 31 31 31 31 31 31 31 31 31 31 31 31 31 31 31 31 31 31 31 31 31 31 31 31 31 24 25 24 25 24 25 24 25 24 
24 25 24 25 24 25 24 25 24 31 31 31 31 31 31 31 31 31 31 31 31 31 31 31 31 31 31 31 31 31 31 31 31 31 31 31 31 31 31 31 31 25 24 25 24 25 24 25 24 25
25 24 25 24 25 24 25 24 25 31 31 31 31 31 31 31 31 31 31 31 31 31 31 31 31 31 31 31 31 31 31 31 31 31 31 31 31 31 31 31 31 24 25 24 25 24 25 24 25 24 
24 25 24 25 24 25 24 25 24 31 31 31 31 31 31 31 31 31 31 31 31 31 31 31 31 31 31 31 31 31 31 31 31 31 31 31 31 31 31 31 31 25 24 25 24 25 24 25 24 25
25 24 25 24 25 24 25 24 25 31 31 31 31 31 31 31 31 31 31 31 31 31 31 31 31 31 31 31 31 31 31 31 31 31 31 31 31 31 31 31 31 3 25 24 25 24 25 24 25 24 
24 25 24 25 24 25 24 25 24 31 31 31 31 31 31 31 31 31 31 31 31 31 31 31 31 31 31 31 31 31 31 31 31 31 31 31 31 31 31 31 31 3 24 25 24 25 24 25 24 25
25 24 25 24 25 24 25 24 25 31 31 31 31 31 31 31 31 31 31 31 31 31 31 31 31 31 31 31 31 31 31 31 31 31 31 31 31 31 31 31 31 3 25 24 25 24 25 24 25 24 
24 25 24 25 24 25 24 25 24 31 31 31 31 31 31 31 31 31 31 31 31 31 31 31 31 31 31 31 31 31 31 31 31 31 31 31 31 31 31 31 31 25 24 25 24 25 24 25 24 25
25 24 25 24 25 24 25 24 25 31 31 31 31 31 31 31 31 31 31 31 31 31 31 31 31 31 31 31 31 31 31 31 31 31 31 31 31 31 31 31 31 24 25 24 25 24 25 24 25 24 
24 25 24 25 24 25 24 25 24 31 31 31 31 31 31 31 31 31 31 31 31 31 31 31 31 31 31 31 31 31 31 31 31 31 31 31 31 31 31 31 31 25 24 25 24 25 24 25 24 25
25 24 25 24 25 24 25 24 25 31 31 31 31 31 31 31 31 31 31 31 31 31 31 31 31 31 31 31 31 31 31 31 31 31 31 31 31 31 31 31 31 24 25 24 25 24 25 24 25 24 
24 25 24 25 24 25 24 25 24 31 31 31 31 31 31 31 31 31 31 31 31 31 31 31 31 31 31 31 31 31 31 31 31 31 31 31 31 31 31 31 31 25 24 25 24 25 24 25 24 25
25 24 25 24 25 24 25 24 25 31 31 31 31 31 31 31 31 31 31 31 31 31 31 31 31 31 31 31 31 31 31 31 31 31 31 31 31 31 31 31 31 24 25 24 25 24 25 24 25 24 
24 25 24 25 24 25 24 25 24 31 31 31 31 31 31 31 31 31 31 31 31 31 31 31 31 31 31 31 31 31 31 31 31 31 31 31 31 31 31 31 31 25 24 25 24 25 24 25 24 25
25 24 25 24 25 24 25 24 25 31 31 31 31 31 31 31 31 31 31 31 31 31 31 31 31 31 31 31 31 31 31 31 31 31 31 31 31 31 31 31 31 24 25 24 25 24 25 24 25 24 
24 25 24 25 24 25 24 25 24 31 31 31 31 31 31 31 31 31 31 31 31 31 31 31 31 31 31 31 31 31 31 31 31 31 31 31 31 31 31 31 31 25 24 25 24 25 24 25 24 25
25 24 25 24 25 24 25 24 25 31 31 31 31 31 31 31 31 31 31 31 31 31 31 31 31 31 31 31 31 31 31 31 31 31 31 31 31 31 31 31 31 24 25 24 25 24 25 24 25 24 
24 25 24 25 24 25 24 25 24 31 31 31 31 31 31 31 31 31 31 31 31 31 31 31 31 31 31 31 31 31 31 31 31 31 31 31 31 31 31 31 31 25 24 25 24 25 24 25 24 25
25 24 25 24 25 24 25 24 25 31 31 31 31 31 31 31 31 31 31 31 31 31 31 31 31 31 31 31 31 31 31 31 31 31 31 31 31 31 31 31 31 24 25 24 25 24 25 24 25 24 
24 25 24 25 24 25 24 25 24 31 31 31 31 31 31 31 31 31 31 31 31 31 31 31 31 31 31 31 31 31 31 31 31 31 31 31 31 31 31 31 31 25 24 25 24 25 24 25 24 25
25 24 25 24 25 24 25 24 25 31 31 31 31 31 31 31 31 31 31 31 31 31 31 31 31 31 31 31 31 31 31 31 31 31 31 31 31 31 31 31 31 24 25 24 25 24 25 24 25 24 
24 25 24 25 24 25 24 25 24 31 31 31 31 31 31 31 31 31 31 31 31 31 31 31 31 31 31 31 31 31 31 31 31 31 31 31 31 31 31 31 31 25 24 25 24 25 24 25 24 25 
25 24 25 24 25 24 25 24 25 24 25 24 25 24 25 24 25 24 25 24 25 24 25 24 25 24 25 24 25 24 25 24 25 24 25 24 25 24 25 24 25 24 25 24 25 24 25 24 25 24 
24 25 24 25 24 25 24 25 24 25 24 25 24 25 24 25 24 25 24 25 24 25 24 25 24 25 24 25 24 25 24 25 24 25 24 25 24 25 24 25 24 25 24 25 24 25 24 25 24 25 
25 24 25 24 25 24 25 24 25 24 25 24 25 24 25 24 25 24 25 24 25 24 25 24 25 24 25 24 25 24 25 24 25 24 25 24 25 24 25 24 25 24 25 24 25 24 25 24 25 24 
25 24 25 24 25 24 25 24 25 24 25 24 25 24 25 24 25 24 25 24 25 24 25 24 25 24 25 24 25 24 25 24 25 24 25 24 25 24 25 24 25 24 25 24 25 24 25 24 25 24 
24 25 24 25 24 25 24 25 24 25 24 25 24 25 24 25 24 25 24 25 24 25 24 25 24 25 24 25 24 25 24 25 24 25 24 25 24 25 24 25 24 25 24 25 24 25 24 25 24 25 
25 24 25 24 25 24 25 24 25 24 25 24 25 24 25 24 25 24 25 24 25 24 25 24 25 24 25 24 25 24 25 24 25 24 25 24 25 24 25 24 25 24 25 24 25 24 25 24 25 24 